planes:
(((-2 4 4) (2 4 4) (2 -2 4))
 ((2 4 4) (2 4 0) (2 -2 0))
 ((-2 4 4) (2 4 4) (2 4 0))
 ((-2 4 4) (-2 4 0) (-2 -2 0))
 ((2 -2 4) (2 -2 0) (-2 -2 0))
 ((-2 4 0) (2 4 0) (2 -2 0))
 ((2 -2 0) (-2 -2 0) (-2 4 0))
 ((-2 -2 0) (-2 -2 4) (-2 4 4))
 ((2 -2 0) (-2 -2 0) (-2 -2 4))
 ((2 -2 0) (2 -2 4) (2 4 4))
 ((-2 4 0) (-2 4 4) (2 4 4))
 ((2 -2 4) (-2 -2 4) (-2 4 4)))


meshing_freqs:
(1000 2000)

source_position:
(0.5 2.5,1.0)

mic_positions:
((-0.5 0.87 1.5) (0.0 1.0 1.5) (0.5 0.87 1.5) (0.94 -0.34 1.5) (-0.94 -0.34 1.5))

mic_angles:
(-29.887 0.0 29.887 109.885 -109.885)

mic_amplitudes:
(0.1 0.1 0.1 0.1 0.1)

mic_patterns:
(0.366 0.25 0.366 0.5 0.5)

wall_abs:
((0) (0) (0) (0) (0) (0))

freq_range:
(20 1000 5)

sampling_rate:
44100

hoa_order:
1